51 6 5

1 50 40 40 10 10

0 0 0 1 0 

1 50 40 40 20 30

0 0 0 1 0 

1 40 40 30 30 40

0 0 1 0 0 

1 40 40 40 30 50

0 0 0 0 1 

1 40 40 40 10 30

0 0 0 1 0 

1 40 40 40 30 50

0 0 0 0 1 

1 40 40 40 30 10

0 0 0 0 1 

1 40 40 40 40 0

1 0 0 0 0 

1 40 40 0 0 0

1 0 0 0 0 

2 30 20 -1 -1 30

0 1 0 0 0 

2 30 -1 30 50 -1

0 0 0 1 0 

2 30 30 30 50 30

0 0 0 1 0 

2 30 -1 30 -1 10

0 0 0 0 1 

2 -1 30 -1 -1 40

0 1 0 0 0 

2 30 -1 40 50 20

0 0 0 0 1 

2 -1 40 50 30 40

0 0 1 0 0 

2 -1 40 30 40 0

0 0 1 0 0 

2 40 40 0 0 0

1 0 0 0 0 

3 -1 50 50 -1 -1

0 1 0 0 0 

3 -1 -1 -1 50 30

0 0 0 1 0 

3 -1 -1 30 40 30

0 0 1 0 0 

3 30 40 30 40 30

1 0 0 0 0 

3 40 30 40 30 50

0 0 0 0 1 

3 40 40 30 0 0

0 0 1 0 0 

3 40 0 0 0 0

1 0 0 0 0 

1 10 10 30 30 40

1 0 0 0 0 

1 10 10 30 30 40

1 0 0 0 0 

1 10 30 30 10 40

0 0 0 1 0 

1 30 30 10 30 30

0 0 1 0 0 

1 30 30 10 20 30

0 0 0 1 0 

1 30 30 10 40 50

0 0 1 0 0 

1 -1 -1 -1 -1 10

0 0 0 0 1 

1 30 40 50 50 50

0 0 0 0 1 

1 30 40 50 0 0

0 0 1 0 0 

1 40 0 0 0 0

1 0 0 0 0 

2 30 10 30 10 50

0 1 0 0 0 

2 30 10 50 40 -1

0 1 0 0 0 

2 30 40 -1 -1 -1

1 0 0 0 0 

2 30 40 30 50 30

0 0 0 1 0 

2 30 40 30 30 10

0 0 0 0 1 

2 30 40 30 40 20

0 0 0 0 1 

2 40 30 40 40 50

0 0 0 0 1 

2 40 30 40 40 0

0 1 0 0 0 

2 40 40 0 0 0

1 0 0 0 0 

3 30 40 -1 50 -1

0 0 0 1 0 

3 30 40 50 40 50

0 0 0 0 1 

3 30 40 40 30 -1

0 0 0 1 0 

3 30 40 30 50 -1

0 0 0 1 0 

3 40 30 50 -1 -1

0 0 1 0 0 

3 40 30 -1 0 0

0 1 0 0 0 

3 -1 0 0 0 0

1 0 0 0 0 